3 0.722917 0.070312 0.720833 0.071875 0.716667 0.071875 0.714583 0.073438 0.712500 0.073438 0.710416 0.075000 0.706251 0.075000 0.704167 0.076562 0.702084 0.076562 0.700000 0.078125 0.695833 0.078125 0.693749 0.079688 0.691667 0.079688 0.689583 0.081250 0.685417 0.081250 0.683333 0.082813 0.681251 0.082813 0.679167 0.084375 0.675000 0.084375 0.672916 0.085937 0.670833 0.085937 0.668749 0.087500 0.664583 0.087500 0.662500 0.089063 0.660417 0.089063 0.658333 0.090625 0.654167 0.090625 0.652083 0.092188 0.650000 0.092188 0.647917 0.093750 0.643749 0.093750 0.641667 0.095312 0.639584 0.095312 0.637500 0.096875 0.633333 0.096875 0.631249 0.098438 0.629167 0.098438 0.627084 0.100000 0.622916 0.100000 0.620833 0.101563 0.618751 0.101563 0.616667 0.103125 0.612500 0.103125 0.610416 0.104687 0.608333 0.104687 0.606251 0.106250 0.606251 0.118750 0.604167 0.120313 0.604167 0.173438 0.602083 0.175000 0.602083 0.228125 0.600000 0.229688 0.600000 0.282812 0.597917 0.284375 0.597917 0.337500 0.595833 0.339062 0.595833 0.392188 0.593749 0.393750 0.593749 0.446875 0.591667 0.448438 0.591667 0.485938 0.593749 0.487500 0.602083 0.487500 0.610416 0.481250 0.610416 0.479687 0.618751 0.473438 0.618751 0.471875 0.625000 0.467188 0.625000 0.465625 0.633333 0.459375 0.633333 0.457813 0.639584 0.453125 0.639584 0.451562 0.647917 0.445312 0.647917 0.443750 0.656251 0.437500 0.656251 0.435938 0.662500 0.431250 0.662500 0.429688 0.670833 0.423437 0.670833 0.421875 0.679167 0.415625 0.679167 0.414062 0.685417 0.409375 0.685417 0.407812 0.693749 0.401563 0.693749 0.400000 0.700000 0.395312 0.700000 0.393750 0.706251 0.389063 0.706251 0.370313 0.708333 0.368750 0.708333 0.350000 0.710416 0.348437 0.710416 0.329687 0.712500 0.328125 0.712500 0.309375 0.714583 0.307813 0.714583 0.287500 0.716667 0.285938 0.716667 0.267188 0.718749 0.265625 0.718749 0.246875 0.720833 0.245312 0.720833 0.225000 0.722917 0.223438 0.722917 0.204688 0.725000 0.203125 0.725000 0.184375 0.727084 0.182813 0.727084 0.164062 0.729167 0.162500 0.729167 0.142187 0.731249 0.140625 0.731249 0.121875 0.733333 0.120313 0.733333 0.118750 0.735416 0.117188 0.739584 0.117188 0.739584 0.107812 0.741667 0.106250 0.741667 0.101563 0.737500 0.101563 0.735416 0.100000 0.735416 0.081250 0.737500 0.079688 0.737500 0.071875 0.735416 0.071875 0.733333 0.070312
4 0.000000 0.028125 0.000000 0.031250 0.002084 0.031250 0.000000 0.029687
4 0.185416 0.007813 0.187500 0.009375 0.187500 0.012500 0.189584 0.014063 0.189584 0.012500 0.187500 0.010937 0.187500 0.007813
4 0.008333 0.004688 0.010416 0.006250 0.010416 0.007813 0.012500 0.009375 0.010416 0.007813 0.010416 0.006250
4 0.264583 0.000000 0.264583 0.001562 0.266667 0.003125 0.266667 0.004688 0.266667 0.003125 0.264583 0.001562 0.266667 0.000000 0.268749 0.000000 0.272917 0.003125 0.272917 0.007813 0.272917 0.003125 0.275000 0.001562 0.277084 0.003125 0.281251 0.003125 0.283333 0.004688 0.285416 0.004688 0.287500 0.006250 0.295833 0.006250 0.297917 0.004688 0.306249 0.004688 0.306249 0.003125 0.308333 0.001562 0.312500 0.004688 0.314584 0.004688 0.316667 0.003125 0.314584 0.001562 0.312500 0.001562 0.310416 0.000000 0.304167 0.000000 0.304167 0.001562 0.302083 0.003125 0.300000 0.001562 0.300000 0.000000 0.297917 0.000000 0.297917 0.001562 0.295833 0.003125 0.291667 0.003125 0.289583 0.001562 0.285416 0.001562 0.283333 0.000000
4 0.245833 0.000000 0.245833 0.003125 0.243749 0.004688 0.241667 0.003125 0.241667 0.001562 0.241667 0.003125 0.243749 0.004688 0.243749 0.006250 0.245833 0.007813 0.245833 0.009375 0.247916 0.009375 0.247916 0.000000
4 0.222916 0.000000 0.220833 0.001562 0.222916 0.003125 0.222916 0.004688 0.225000 0.006250 0.225000 0.012500 0.227083 0.010937 0.225000 0.009375 0.225000 0.000000
4 0.200000 0.000000 0.202083 0.001562 0.202083 0.003125 0.204167 0.004688 0.204167 0.012500 0.206249 0.014063 0.208333 0.012500 0.206249 0.012500 0.204167 0.010937 0.206249 0.009375 0.204167 0.007813 0.204167 0.003125 0.202083 0.001562 0.202083 0.000000
4 0.185416 0.000000 0.185416 0.003125 0.183333 0.004688 0.185416 0.004688
4 0.139583 0.000000 0.141667 0.001562 0.141667 0.003125 0.145833 0.006250 0.145833 0.009375 0.147916 0.010937 0.147916 0.014063 0.150000 0.015625 0.150000 0.018750 0.152084 0.018750 0.154167 0.017188 0.156251 0.017188 0.158333 0.015625 0.160416 0.017188 0.170833 0.017188 0.168751 0.015625 0.168751 0.010937 0.170833 0.009375 0.166667 0.006250 0.166667 0.004688 0.164584 0.003125 0.164584 0.000000 0.162500 0.000000 0.164584 0.001562 0.164584 0.003125 0.166667 0.004688 0.166667 0.010937 0.168751 0.012500 0.168751 0.015625 0.166667 0.017188 0.154167 0.007813 0.154167 0.006250 0.152084 0.004688 0.152084 0.003125 0.150000 0.001562 0.150000 0.000000
4 0.000000 0.000000 0.004167 0.000000 0.006251 0.001562 0.008333 0.000000 0.012500 0.000000 0.016667 0.003125 0.016667 0.009375 0.018749 0.010937 0.018749 0.012500 0.016667 0.014063 0.014583 0.012500 0.016667 0.014063 0.016667 0.015625 0.020833 0.018750 0.020833 0.028125 0.022917 0.029687 0.022917 0.026563 0.025000 0.025000 0.022917 0.023438 0.022917 0.021875 0.020833 0.020312 0.020833 0.015625 0.018749 0.014063 0.018749 0.007813 0.016667 0.006250 0.016667 0.001562 0.018749 0.000000 0.027083 0.000000 0.029167 0.001562 0.033333 0.001562 0.037500 0.004688 0.037500 0.006250 0.039583 0.007813 0.039583 0.009375 0.041667 0.010937 0.041667 0.012500 0.043749 0.014063 0.043749 0.015625 0.047916 0.018750 0.047916 0.026563 0.052083 0.026563 0.052083 0.025000 0.050000 0.023438 0.050000 0.021875 0.047916 0.020312 0.047916 0.004688 0.050000 0.003125 0.054167 0.003125 0.056251 0.004688 0.062500 0.004688 0.066667 0.007813 0.066667 0.009375 0.068749 0.010937 0.068749 0.014063 0.070833 0.015625 0.070833 0.017188 0.072917 0.018750 0.072917 0.020312 0.075000 0.021875 0.075000 0.023438 0.077084 0.025000 0.079167 0.025000 0.079167 0.017188 0.077084 0.015625 0.077084 0.009375 0.079167 0.007813 0.081251 0.009375 0.087500 0.009375 0.089584 0.010937 0.093749 0.010937 0.095833 0.012500 0.097916 0.012500 0.100000 0.014063 0.100000 0.015625 0.102084 0.017188 0.102084 0.020312 0.104167 0.021875 0.102084 0.020312 0.102084 0.017188 0.100000 0.015625 0.102084 0.014063 0.108333 0.014063 0.110417 0.015625 0.108333 0.017188 0.108333 0.021875 0.108333 0.017188 0.110417 0.015625 0.114584 0.015625 0.116667 0.017188 0.120833 0.017188 0.122917 0.018750 0.125000 0.018750 0.127083 0.020312 0.133333 0.020312 0.135416 0.018750 0.143751 0.018750 0.139583 0.018750 0.137500 0.017188 0.135416 0.017188 0.133333 0.015625 0.129167 0.015625 0.127083 0.014063 0.122917 0.014063 0.120833 0.012500 0.118749 0.012500 0.116667 0.010937 0.112500 0.010937 0.110417 0.009375 0.106249 0.009375 0.104167 0.007813 0.100000 0.007813 0.097916 0.006250 0.091667 0.006250 0.089584 0.004688 0.085416 0.004688 0.083333 0.003125 0.079167 0.003125 0.077084 0.001562 0.070833 0.001562 0.068749 0.000000
