3 0.704167 0.057812 0.702084 0.059375 0.697917 0.059375 0.695833 0.060938 0.693749 0.060938 0.691667 0.062500 0.687500 0.062500 0.685417 0.064063 0.681251 0.064063 0.679167 0.065625 0.675000 0.065625 0.672916 0.067187 0.668749 0.067187 0.666667 0.068750 0.662500 0.068750 0.660417 0.070312 0.658333 0.070312 0.656251 0.071875 0.652083 0.071875 0.650000 0.073438 0.645833 0.073438 0.643749 0.075000 0.639584 0.075000 0.637500 0.076562 0.633333 0.076562 0.631249 0.078125 0.627084 0.078125 0.625000 0.079688 0.622916 0.079688 0.620833 0.081250 0.616667 0.081250 0.614584 0.082813 0.610416 0.082813 0.608333 0.084375 0.604167 0.084375 0.602083 0.085937 0.597917 0.085937 0.593749 0.089063 0.593749 0.137500 0.591667 0.139063 0.591667 0.201563 0.589583 0.203125 0.589583 0.265625 0.587500 0.267188 0.587500 0.331250 0.585417 0.332813 0.585417 0.395312 0.583333 0.396875 0.583333 0.437500 0.593749 0.437500 0.602083 0.431250 0.602083 0.429688 0.616667 0.418750 0.616667 0.417188 0.631249 0.406250 0.631249 0.404687 0.645833 0.393750 0.645833 0.392188 0.660417 0.381250 0.660417 0.379688 0.675000 0.368750 0.675000 0.367187 0.689583 0.356250 0.689583 0.345313 0.691667 0.343750 0.691667 0.323438 0.693749 0.321875 0.693749 0.300000 0.695833 0.298438 0.695833 0.276563 0.697917 0.275000 0.697917 0.253125 0.700000 0.251563 0.700000 0.229688 0.702084 0.228125 0.702084 0.207812 0.704167 0.206250 0.704167 0.184375 0.706251 0.182813 0.706251 0.160937 0.708333 0.159375 0.708333 0.137500 0.710416 0.135938 0.710416 0.114062 0.712500 0.112500 0.712500 0.101563 0.714583 0.100000 0.718749 0.100000 0.718749 0.087500 0.716667 0.087500 0.714583 0.085937 0.714583 0.068750 0.716667 0.067187 0.716667 0.059375 0.714583 0.059375 0.712500 0.057812
4 0.020833 0.004688 0.025000 0.007813 0.025000 0.009375 0.027083 0.010937 0.025000 0.009375 0.025000 0.007813
4 0.293751 0.000000 0.295833 0.000000 0.297917 0.001562 0.310416 0.001562 0.312500 0.000000
4 0.258333 0.000000 0.258333 0.001562 0.260416 0.003125 0.260416 0.004688 0.262500 0.004688 0.262500 0.000000 0.262500 0.001562 0.260416 0.003125 0.258333 0.001562
4 0.239584 0.000000 0.239584 0.001562 0.241667 0.003125 0.241667 0.006250 0.243749 0.006250 0.241667 0.004688 0.241667 0.000000
4 0.220833 0.000000 0.220833 0.001562 0.222916 0.003125 0.222916 0.007813 0.225000 0.006250 0.222916 0.004688 0.222916 0.001562
4 0.202083 0.000000 0.206249 0.003125 0.206249 0.006250 0.208333 0.007813 0.208333 0.009375 0.208333 0.007813 0.206249 0.006250 0.206249 0.001562 0.204167 0.001562
4 0.166667 0.000000 0.168751 0.001562 0.168751 0.004688 0.170833 0.006250 0.170833 0.009375 0.172917 0.010937 0.172917 0.012500 0.177083 0.012500 0.177083 0.010937 0.179167 0.009375 0.181249 0.010937 0.189584 0.010937 0.189584 0.007813 0.191667 0.006250 0.193751 0.007813 0.191667 0.006250 0.189584 0.006250 0.187500 0.004688 0.189584 0.003125 0.187500 0.001562 0.187500 0.000000 0.187500 0.004688 0.189584 0.006250 0.189584 0.009375 0.187500 0.010937 0.175000 0.001562 0.175000 0.000000
4 0.087500 0.000000 0.093749 0.000000 0.095833 0.001562 0.095833 0.003125 0.097916 0.004688 0.097916 0.006250 0.100000 0.007813 0.100000 0.009375 0.102084 0.010937 0.102084 0.014063 0.104167 0.015625 0.104167 0.017188 0.106249 0.017188 0.106249 0.004688 0.108333 0.003125 0.110417 0.003125 0.112500 0.004688 0.118749 0.004688 0.120833 0.006250 0.125000 0.006250 0.127083 0.007813 0.127083 0.009375 0.129167 0.010937 0.129167 0.014063 0.131251 0.015625 0.129167 0.014063 0.129167 0.010937 0.127083 0.009375 0.129167 0.007813 0.131251 0.007813 0.135416 0.010937 0.135416 0.015625 0.135416 0.010937 0.137500 0.009375 0.139583 0.010937 0.143751 0.010937 0.145833 0.012500 0.150000 0.012500 0.152084 0.014063 0.160416 0.014063 0.162500 0.012500 0.166667 0.012500 0.162500 0.012500 0.160416 0.010937 0.158333 0.010937 0.156251 0.009375 0.152084 0.009375 0.150000 0.007813 0.145833 0.007813 0.143751 0.006250 0.139583 0.006250 0.137500 0.004688 0.133333 0.004688 0.131251 0.003125 0.127083 0.003125 0.125000 0.001562 0.120833 0.001562 0.118749 0.000000
4 0.079167 0.000000 0.079167 0.009375 0.077084 0.010937 0.079167 0.012500 0.079167 0.020312 0.083333 0.020312 0.083333 0.018750 0.081251 0.017188 0.081251 0.014063 0.079167 0.012500
4 0.068749 0.000000 0.070833 0.001562 0.070833 0.003125 0.072917 0.004688 0.072917 0.006250 0.075000 0.007813 0.072917 0.006250 0.072917 0.004688 0.070833 0.003125 0.070833 0.001562
4 0.050000 0.000000 0.052083 0.001562 0.052083 0.006250 0.050000 0.007813 0.052083 0.007813 0.054167 0.009375 0.052083 0.010937 0.054167 0.012500 0.054167 0.017188 0.056251 0.018750 0.056251 0.021875 0.056251 0.020312 0.058333 0.018750 0.056251 0.017188 0.056251 0.015625 0.054167 0.014063 0.054167 0.006250 0.052083 0.004688 0.052083 0.000000
4 0.027083 0.000000 0.027083 0.001562 0.029167 0.003125 0.029167 0.006250 0.031251 0.007813 0.031251 0.012500 0.029167 0.014063 0.033333 0.017188 0.033333 0.018750 0.035417 0.020312 0.035417 0.023438 0.037500 0.023438 0.035417 0.021875 0.035417 0.020312 0.033333 0.018750 0.033333 0.012500 0.031251 0.010937 0.031251 0.007813 0.029167 0.006250 0.029167 0.003125 0.027083 0.001562
4 0.002084 0.000000 0.002084 0.003125 0.004167 0.004688 0.004167 0.006250 0.002084 0.007813 0.006251 0.010937 0.006251 0.015625 0.008333 0.017188 0.008333 0.021875 0.010416 0.023438 0.010416 0.025000 0.010416 0.020312 0.012500 0.018750 0.008333 0.015625 0.008333 0.014063 0.006251 0.012500 0.006251 0.009375 0.004167 0.007813 0.004167 0.003125 0.002084 0.001562
